time,/gem/base_footprint/odom.x,/gem/base_footprint/odom.y,/gem/base_footprint/odom.z,/lio_sam_lo/mapping/odometry.x,/lio_sam_lo/mapping/odometry.y,/lio_sam_lo/mapping/odometry.z
16941.926000000,-30.5303,-1.49999,-0.100033,0,0,0
16942.096000000,-30.5304,-1.49999,-0.100033,-0.000978791,-0.00012113,0.00334908
16942.266000000,-30.5306,-1.49999,-0.100033,-0.000431364,-0.000271172,0.00301925
16942.436000000,-30.5307,-1.49999,-0.100033,-0.000505855,-0.000148963,0.00299005
16942.606000000,-30.5308,-1.49999,-0.100033,-0.00115098,0.000301021,0.00295795
16942.776000000,-30.531,-1.49999,-0.100033,-0.00102918,-0.000326303,0.00281621
16942.980000000,-30.5311,-1.49999,-0.100033,-0.00147611,-0.000333008,0.00310771
16943.150000000,-30.5309,-1.49999,-0.100033,-0.000928847,-0.000712435,0.0032453
16943.354000000,-30.5287,-1.49999,-0.100033,0.000923799,-0.000597836,0.00337108
16943.558000000,-30.5243,-1.49999,-0.100033,0.00504266,-0.000220285,0.0035029
16943.694000000,-30.5196,-1.49999,-0.100033,0.0100026,-8.68571e-05,0.0046232
16943.898000000,-30.5076,-1.49999,-0.100034,0.0227719,0.000132344,0.0060819
16944.068000000,-30.4909,-1.49999,-0.100034,0.0390678,0.00037949,0.00733418
16944.306000000,-30.4539,-1.49999,-0.100034,0.07469,-0.000792791,0.00986742
16944.476000000,-30.418,-1.49999,-0.100034,0.107577,0.000989881,0.0146263
16944.680000000,-30.3655,-1.49999,-0.100034,0.159037,0.00080902,0.0204606
16944.850000000,-30.3147,-1.49999,-0.100033,0.210106,0.00116384,0.0218001
16945.054000000,-30.2461,-1.49999,-0.100033,0.273023,0.00178668,0.0246462
16945.258000000,-30.1699,-1.49999,-0.100033,0.339391,0.0024814,0.0305968
16945.428000000,-30.1013,-1.49999,-0.100033,0.418824,0.00272759,0.0293037
16945.598000000,-30.0308,-1.49999,-0.0976659,0.482576,0.00207058,0.0216578
16945.802000000,-29.949,-1.49999,-0.099368,0.557336,0.000355107,0.0414719
16946.006000000,-29.8615,-1.49999,-0.100033,0.646082,0.000878391,0.0380035
16946.176000000,-29.7844,-1.49999,-0.100033,0.725829,0.000306864,0.0297341
16946.380000000,-29.6872,-1.49999,-0.100033,0.831586,0.00122428,0.0219623
16946.516000000,-29.6198,-1.49999,-0.100033,0.904948,-0.00127476,0.0325282
16946.686000000,-29.5329,-1.49999,-0.100033,0.984392,-0.00215415,0.00596374
16946.890000000,-29.4251,-1.49999,-0.100033,1.1033,-0.00447987,0.0306863
16947.060000000,-29.3326,-1.49999,-0.100033,1.19233,-0.000776476,0.0395411
16947.230000000,-29.238,-1.5,-0.100033,1.28565,-8.25586e-05,0.039599
16947.434000000,-29.1219,-1.5,-0.100033,1.40341,-0.000521207,0.0387921
16947.638000000,-29.0033,-1.5,-0.100033,1.51532,-0.00214455,0.0397635
16947.842000000,-28.8826,-1.5,-0.100033,1.63584,-0.00282864,0.037271
16948.012000000,-28.7806,-1.5,-0.100033,1.7311,-0.00184134,0.028577
16948.216000000,-28.6565,-1.5,-0.100033,1.85637,-0.00116843,0.0298749
16948.420000000,-28.531,-1.5,-0.100033,1.97898,-0.00154388,0.02641
16948.590000000,-28.4254,-1.5,-0.100033,2.09717,-0.000686091,0.0240053
16948.794000000,-28.2976,-1.5,-0.100033,2.21972,-0.00135385,0.0321356
16948.930000000,-28.2119,-1.5,-0.100033,2.31661,0.000163437,0.034433
16949.134000000,-28.0826,-1.5,-0.100033,2.42834,0.00168196,0.0317232
16949.304000000,-27.9742,-1.5,-0.100033,2.54229,0.000769479,0.0330042
16949.508000000,-27.8435,-1.50001,-0.100033,2.66744,0.00105566,0.0293681
16949.678000000,-27.7342,-1.50001,-0.100033,2.76162,0.000224974,0.0324914
16949.882000000,-27.6026,-1.50001,-0.100033,2.90064,-0.000538111,0.0241834
16950.086000000,-27.4706,-1.50001,-0.100033,3.04262,-0.00068428,0.0252258
16950.290000000,-27.3382,-1.50001,-0.100033,3.16814,0.000548909,0.0187994
16950.494000000,-27.2056,-1.50001,-0.100033,3.31015,-0.00155462,0.012931
16950.664000000,-27.095,-1.50001,-0.100033,3.42762,-0.000306439,0.0100837
16950.868000000,-26.9621,-1.50001,-0.100033,3.54803,-0.000524686,0.00874068
16951.038000000,-26.8513,-1.50001,-0.100033,3.67761,-0.00115509,0.0063464
16951.276000000,-26.6961,-1.50001,-0.100033,3.81285,-0.0012649,0.000170588
16951.480000000,-26.5631,-1.50002,-0.100033,3.94217,-0.00230674,0.00131604
16951.684000000,-26.43,-1.50002,-0.100033,4.07897,-0.00289755,-0.00235958
16951.854000000,-26.3192,-1.50002,-0.100033,4.20158,-0.00307102,0.000814703
16952.058000000,-26.1863,-1.50002,-0.100033,4.32773,-0.0028927,-0.00527079
16952.262000000,-26.0535,-1.50002,-0.100033,4.45413,-0.00169656,-0.00704162
16952.432000000,-25.9429,-1.50002,-0.100033,4.57785,-0.00245216,-0.0111737
16952.636000000,-25.8103,-1.50002,-0.100033,4.69564,-0.00214873,-0.00990069
16952.840000000,-25.6778,-1.50002,-0.100033,4.82366,-0.00173519,-0.0139579
16953.044000000,-25.5455,-1.50002,-0.100033,4.9568,-0.00420475,-0.0129116
16953.214000000,-25.4354,-1.50003,-0.100033,5.08158,-0.0044458,-0.0145734
16953.418000000,-25.3034,-1.50003,-0.100033,5.2107,-0.00538262,-0.0142147
16953.622000000,-25.1716,-1.50003,-0.100033,5.34882,-0.00806635,-0.0104727
16953.826000000,-25.04,-1.50003,-0.100033,5.47844,-0.00400991,-0.0115449
16954.030000000,-24.9086,-1.50029,-0.100033,5.60856,-0.00710386,-0.0151408
16954.200000000,-24.7998,-1.50136,-0.100033,5.73111,-0.0170524,-0.0172786
16954.404000000,-24.6718,-1.50437,-0.100033,5.84563,-0.0327267,-0.018237
16954.608000000,-24.5459,-1.5098,-0.100033,5.97975,-0.0566328,-0.0222642
16954.812000000,-24.4219,-1.51802,-0.100032,6.09996,-0.0826024,-0.0272181
16955.016000000,-24.3053,-1.52906,-0.100032,6.2072,-0.114804,-0.0347502
16955.220000000,-24.1955,-1.54306,-0.100033,6.31012,-0.154486,-0.0278142
16955.390000000,-24.1051,-1.55754,-0.100033,6.41537,-0.197612,-0.0304043
16955.594000000,-23.9969,-1.57851,-0.100033,6.52037,-0.241799,-0.0272597
16955.798000000,-23.8891,-1.60342,-0.100033,6.61991,-0.292135,-0.0280291
16955.968000000,-23.7997,-1.62719,-0.100033,6.69581,-0.33167,-0.0281119
16956.172000000,-23.6931,-1.65929,-0.100033,6.79603,-0.390717,-0.0301008
16956.308000000,-23.6227,-1.68283,-0.100033,6.86581,-0.435061,-0.0327174
16956.512000000,-23.5181,-1.72132,-0.100033,6.96329,-0.501017,-0.0322154
16956.750000000,-23.3977,-1.77101,-0.100033,7.06541,-0.575679,-0.033918
16956.886000000,-23.3284,-1.80227,-0.100033,7.13747,-0.626853,-0.0354618
16957.056000000,-23.2402,-1.84449,-0.100032,7.2145,-0.683393,-0.0351823
16957.260000000,-23.141,-1.89497,-0.100032,7.29263,-0.740655,-0.0377328
16957.430000000,-23.0662,-1.9347,-0.100032,7.37408,-0.797062,-0.0381201
16957.634000000,-22.9867,-1.97812,-0.100032,7.44289,-0.841439,-0.0392345
16957.804000000,-22.9259,-2.01187,-0.100033,7.50031,-0.876966,-0.0389019
16958.008000000,-22.8523,-2.05298,-0.100033,7.57859,-0.922716,-0.0404862
16958.178000000,-22.7871,-2.08937,-0.100033,7.65254,-0.962944,-0.0419048
16958.382000000,-22.7043,-2.13559,-0.100033,7.72451,-1.00328,-0.0431464
16958.586000000,-22.6173,-2.18417,-0.100033,7.80822,-1.05019,-0.0457818
16958.790000000,-22.5265,-2.23483,-0.100033,7.90382,-1.10285,-0.0473188
16958.994000000,-22.4325,-2.28732,-0.100033,8.00527,-1.15946,-0.0489985
16959.198000000,-22.3355,-2.34145,-0.100033,8.09359,-1.20815,-0.0536429
16959.402000000,-22.236,-2.39702,-0.100033,8.20012,-1.27037,-0.0560859
16959.606000000,-22.1341,-2.45387,-0.100033,8.29401,-1.32247,-0.0573909
16959.776000000,-22.0477,-2.50212,-0.100033,8.38777,-1.37421,-0.0559528
16959.980000000,-21.9424,-2.56093,-0.100033,8.48903,-1.43181,-0.0553409
16960.184000000,-21.8354,-2.62064,-0.100033,8.5898,-1.48831,-0.0590224
16960.388000000,-21.7264,-2.68151,-0.100033,8.71399,-1.55613,-0.0631717
16960.592000000,-21.6142,-2.74413,-0.100033,8.82632,-1.61736,-0.0632529
16960.830000000,-21.4796,-2.81924,-0.100033,8.94895,-1.68624,-0.0683922
16961.000000000,-21.3813,-2.87411,-0.100033,9.05992,-1.74921,-0.0700998
16961.238000000,-21.2395,-2.95329,-0.100033,9.18084,-1.81688,-0.0719466
16961.374000000,-21.156,-2.99991,-0.100033,9.27398,-1.86902,-0.0725124
16961.578000000,-21.0277,-3.07152,-0.100033,9.39604,-1.93656,-0.0721263
16961.816000000,-20.874,-3.15733,-0.100033,9.54881,-2.02359,-0.0772497
16961.986000000,-20.7618,-3.21995,-0.100033,9.66935,-2.0878,-0.0836106
16962.190000000,-20.6249,-3.29639,-0.100033,9.80962,-2.16628,-0.0855488
16962.394000000,-20.4857,-3.37407,-0.100033,9.95923,-2.2484,-0.0880959
16962.598000000,-20.3446,-3.45286,-0.100033,10.0879,-2.32169,-0.0906349
16962.768000000,-20.2256,-3.51925,-0.100033,10.2111,-2.39166,-0.0908489
16962.972000000,-20.0815,-3.59971,-0.100033,10.3563,-2.47394,-0.0972672
16963.176000000,-19.936,-3.68092,-0.100033,10.4997,-2.55193,-0.100854
16963.346000000,-19.8139,-3.7491,-0.100033,10.6306,-2.62503,-0.104583
16963.550000000,-19.6664,-3.83145,-0.100033,10.784,-2.70867,-0.108904
16963.754000000,-19.518,-3.91429,-0.100033,10.9267,-2.79012,-0.110146
16963.992000000,-19.345,-4.01086,-0.100033,11.087,-2.88043,-0.115426
16964.162000000,-19.2226,-4.07921,-0.100033,11.2163,-2.95442,-0.118987
16964.366000000,-19.0768,-4.16056,-0.100033,11.3531,-3.03093,-0.121968
16964.570000000,-18.9328,-4.24095,-0.100033,11.4908,-3.10701,-0.121704
16964.740000000,-18.8151,-4.30667,-0.100033,11.6215,-3.17977,-0.127137
16964.944000000,-18.6765,-4.38401,-0.100033,11.7626,-3.25816,-0.132849
16965.148000000,-18.5407,-4.45986,-0.100033,11.8944,-3.33075,-0.136526
16965.352000000,-18.4072,-4.53434,-0.100033,12.0264,-3.40404,-0.140636
16965.522000000,-18.2978,-4.59545,-0.100033,12.1355,-3.46669,-0.142399
16965.692000000,-18.1897,-4.65578,-0.100033,12.2315,-3.52281,-0.141917
16965.896000000,-18.0617,-4.72701,-0.100033,12.3661,-3.59196,-0.145855
16966.032000000,-17.9772,-4.77333,-0.100033,12.4669,-3.63916,-0.147289
16966.236000000,-17.8523,-4.83981,-0.100032,12.589,-3.68945,-0.153099
16966.406000000,-17.75,-4.89191,-0.100033,12.7037,-3.73019,-0.15906
16966.576000000,-17.6479,-4.94152,-0.100033,12.8256,-3.77069,-0.164759
16966.746000000,-17.5454,-4.98895,-0.100033,12.9173,-3.80179,-0.163304
16966.950000000,-17.4218,-5.04301,-0.100033,13.0525,-3.84129,-0.164611
16967.154000000,-17.2997,-5.09288,-0.100032,13.1718,-3.87089,-0.171361
16967.324000000,-17.2026,-5.1295,-0.100032,13.2911,-3.89101,-0.174011
16967.528000000,-17.0909,-5.16771,-0.100032,13.4077,-3.90386,-0.179838
16967.732000000,-16.9795,-5.20129,-0.100033,13.534,-3.91037,-0.186565
16967.936000000,-16.8667,-5.23072,-0.100033,13.6561,-3.91153,-0.188333
16968.140000000,-16.7527,-5.25594,-0.100033,13.7713,-3.9084,-0.191981
16968.344000000,-16.6375,-5.27691,-0.100033,13.8855,-3.90086,-0.19289
16968.548000000,-16.5187,-5.29432,-0.100032,14.0105,-3.89593,-0.194651
16968.752000000,-16.4026,-5.30792,-0.100032,14.1192,-3.89027,-0.194161
16968.956000000,-16.2934,-5.31832,-0.100032,14.2248,-3.8876,-0.197228
16969.160000000,-16.1929,-5.32641,-0.100032,14.3317,-3.88675,-0.19925
16969.364000000,-16.0994,-5.33315,-0.100033,14.4256,-3.88989,-0.203102
16969.568000000,-16.0062,-5.3396,-0.100033,14.5187,-3.89621,-0.210889
16969.738000000,-15.9254,-5.34518,-0.100033,14.6092,-3.9028,-0.212108
16969.942000000,-15.8248,-5.35212,-0.100033,14.7077,-3.90876,-0.214404
16970.146000000,-15.7206,-5.35932,-0.100033,14.8025,-3.91528,-0.218432
16970.350000000,-15.6131,-5.36675,-0.100033,14.8921,-3.92174,-0.217519
16970.520000000,-15.5213,-5.37308,-0.100033,14.9902,-3.92879,-0.219264
16970.758000000,-15.3898,-5.38216,-0.100033,15.1083,-3.93825,-0.223411
16970.928000000,-15.294,-5.38878,-0.100033,15.2218,-3.94502,-0.225125
16971.132000000,-15.1772,-5.39685,-0.100033,15.3403,-3.95252,-0.226947
16971.302000000,-15.0784,-5.40367,-0.100033,15.4369,-3.96033,-0.230468
16971.472000000,-14.9785,-5.41057,-0.100033,15.5423,-3.96768,-0.233002
16971.676000000,-14.8574,-5.41893,-0.100033,15.6742,-3.9773,-0.238396
16971.846000000,-14.7554,-5.42597,-0.100033,15.784,-3.98468,-0.247508
16972.050000000,-14.632,-5.43449,-0.100033,15.8952,-3.99151,-0.254306
16972.254000000,-14.5077,-5.44308,-0.100033,16.0021,-3.99933,-0.254492
16972.458000000,-14.3824,-5.45173,-0.100033,16.1087,-4.0071,-0.254607
16972.628000000,-14.2775,-5.45898,-0.100033,16.2313,-4.016,-0.257466
16972.832000000,-14.151,-5.46771,-0.100033,16.3735,-4.02621,-0.262148
16973.036000000,-14.0239,-5.47649,-0.100033,16.4985,-4.03429,-0.265965
16973.240000000,-13.8963,-5.4853,-0.100033,16.6263,-4.0428,-0.270823
16973.444000000,-13.7684,-5.49413,-0.100033,16.7573,-4.05248,-0.280185
16973.614000000,-13.6615,-5.50152,-0.100033,16.8832,-4.05925,-0.288384
16973.818000000,-13.5328,-5.5104,-0.100033,16.995,-4.06734,-0.292907
16973.988000000,-13.4239,-5.51792,-0.100033,17.0931,-4.07597,-0.295599
16974.192000000,-13.289,-5.52724,-0.100033,17.2071,-4.0853,-0.296538
16974.362000000,-13.1731,-5.53524,-0.100033,17.326,-4.09476,-0.300595
16974.532000000,-13.0545,-5.54343,-0.100033,17.4478,-4.10256,-0.304317
16974.702000000,-12.9334,-5.5518,-0.100033,17.5822,-4.10993,-0.307955
16974.872000000,-12.81,-5.56032,-0.100033,17.7064,-4.11821,-0.311339
16975.042000000,-12.6845,-5.56899,-0.100033,17.8537,-4.12868,-0.324906
16975.246000000,-12.5315,-5.57955,-0.100033,18.0129,-4.13917,-0.327812
16975.450000000,-12.3761,-5.59028,-0.100033,18.1346,-4.1484,-0.334717
16975.620000000,-12.2449,-5.59934,-0.100033,18.2565,-4.1587,-0.339016
16975.824000000,-12.0859,-5.61032,-0.100033,18.3989,-4.16923,-0.342823
16975.994000000,-11.952,-5.61957,-0.100033,18.5431,-4.17834,-0.349389
16976.198000000,-11.7911,-5.63057,-0.099495,18.7358,-4.1925,-0.353829
16976.402000000,-11.6375,-5.64122,-0.100033,18.8827,-4.19959,-0.362301
16976.606000000,-11.4861,-5.65097,-0.100033,19.0342,-4.20625,-0.373166
16976.810000000,-11.3306,-5.66075,-0.100033,19.168,-4.21537,-0.379222
16977.014000000,-11.1703,-5.67086,-0.100033,19.3128,-4.22613,-0.384131
16977.218000000,-11.0057,-5.68124,-0.100033,19.4738,-4.23801,-0.389169
16977.388000000,-10.8657,-5.69007,-0.100033,19.6349,-4.24743,-0.39158
16977.592000000,-10.6947,-5.70086,-0.100033,19.8173,-4.25779,-0.399568
16977.762000000,-10.5498,-5.71,-0.100033,19.9781,-4.26826,-0.408259
16977.966000000,-10.3736,-5.72112,-0.100033,20.1583,-4.27774,-0.414683
16978.170000000,-10.195,-5.73238,-0.100033,20.2988,-4.28715,-0.423753
16978.340000000,-10.0463,-5.7416,-0.0979209,20.449,-4.30301,-0.427743
16978.510000000,-9.90238,-5.75076,-0.0985328,20.5831,-4.3068,-0.435586
16978.714000000,-9.72808,-5.76164,-0.100033,20.7352,-4.31762,-0.432132
16978.918000000,-9.55159,-5.77266,-0.100033,20.9556,-4.33111,-0.440208
16979.122000000,-9.37273,-5.78382,-0.100033,21.152,-4.3413,-0.454511
16979.326000000,-9.19178,-5.79512,-0.100033,21.3174,-4.35223,-0.465262
16979.530000000,-9.00899,-5.80653,-0.100033,21.4697,-4.36334,-0.472394
16979.700000000,-8.85542,-5.81612,-0.100033,21.6102,-4.37304,-0.474253
16979.904000000,-8.66984,-5.8277,-0.100033,21.8039,-4.38684,-0.482207
16980.108000000,-8.48301,-5.83936,-0.100033,22.0107,-4.39747,-0.489991
16980.312000000,-8.2951,-5.85109,-0.100033,22.2277,-4.40967,-0.503641
16980.516000000,-8.10625,-5.86288,-0.100033,22.4085,-4.42014,-0.509412
16980.720000000,-7.91662,-5.87472,-0.100033,22.5498,-4.43005,-0.517287
16980.924000000,-7.72631,-5.8866,-0.100033,22.718,-4.44354,-0.523046
16981.128000000,-7.53543,-5.89852,-0.100033,22.9176,-4.45681,-0.530777
16981.298000000,-7.37599,-5.90847,-0.100033,23.1487,-4.46806,-0.540935
16981.468000000,-7.21628,-5.91844,-0.100033,23.3202,-4.47662,-0.54931
16981.706000000,-6.99231,-5.93242,-0.100033,23.5291,-4.49037,-0.555998
16981.876000000,-6.83211,-5.94242,-0.100033,23.6569,-4.49895,-0.565691
16982.080000000,-6.63975,-5.95413,-0.100033,23.8087,-4.50768,-0.570738
16982.284000000,-6.44802,-5.96355,-0.100033,24.0191,-4.50426,-0.57678
16982.488000000,-6.25665,-5.96907,-0.100033,24.2618,-4.49467,-0.588253
16982.658000000,-6.09694,-5.97048,-0.100033,24.4215,-4.48286,-0.594098
16982.828000000,-5.93708,-5.96905,-0.100033,24.6184,-4.46722,-0.600611
16983.032000000,-5.7452,-5.96357,-0.100033,24.7427,-4.44635,-0.609056
16983.236000000,-5.5534,-5.954,-0.100033,24.904,-4.42138,-0.610274
16983.440000000,-5.36182,-5.94034,-0.100033,25.0796,-4.3926,-0.615544
16983.644000000,-5.17057,-5.92259,-0.100033,25.3077,-4.35722,-0.624473
16983.814000000,-5.01154,-5.90469,-0.100033,25.525,-4.32178,-0.631115
16984.018000000,-4.8212,-5.87949,-0.100033,25.7278,-4.28271,-0.651185
16984.222000000,-4.63151,-5.85025,-0.100033,25.8557,-4.23632,-0.659923
16984.426000000,-4.44259,-5.81698,-0.100033,26.0058,-4.18959,-0.664639
16984.630000000,-4.25452,-5.77972,-0.100033,26.1941,-4.13755,-0.667083
16984.800000000,-4.09853,-5.74564,-0.100033,26.3801,-4.08406,-0.670244
16985.004000000,-3.91229,-5.70112,-0.100033,26.6092,-4.0258,-0.68215
16985.174000000,-3.75796,-5.66103,-0.100033,26.791,-3.96889,-0.68871
16985.378000000,-3.57387,-5.60937,-0.100033,26.9083,-3.90395,-0.697137
16985.582000000,-3.39108,-5.55386,-0.100033,27.0692,-3.83277,-0.695225
16985.752000000,-3.23981,-5.50469,-0.100033,27.2092,-3.77503,-0.697676
16985.956000000,-3.05962,-5.44222,-0.100033,27.3903,-3.69873,-0.702063
16986.160000000,-2.88096,-5.37601,-0.100033,27.5862,-3.62018,-0.722125
16986.330000000,-2.73331,-5.31801,-0.100033,27.7695,-3.53704,-0.730588
16986.534000000,-2.55767,-5.24505,-0.100033,27.8743,-3.45911,-0.735498
16986.738000000,-2.38379,-5.16848,-0.100033,28.0328,-3.36681,-0.742249
16986.908000000,-2.24028,-5.10195,-0.100033,28.1983,-3.27829,-0.742045
16987.146000000,-2.04158,-5.00468,-0.100033,28.3873,-3.17542,-0.747433
16987.282000000,-1.92923,-4.94697,-0.100033,28.5065,-3.09638,-0.753894
16987.486000000,-1.7624,-4.85754,-0.100033,28.7011,-2.99519,-0.764637
16987.690000000,-1.59766,-4.76472,-0.100033,28.8224,-2.89069,-0.769222
16987.894000000,-1.43506,-4.66856,-0.100033,28.9558,-2.7901,-0.777075
16988.098000000,-1.27468,-4.56911,-0.100033,29.1073,-2.67891,-0.780454
16988.268000000,-1.14277,-4.48376,-0.100033,29.25,-2.57581,-0.785658
16988.472000000,-0.985767,-4.37826,-0.100033,29.3979,-2.46572,-0.78685
16988.642000000,-0.855177,-4.28888,-0.100033,29.5566,-2.36446,-0.792638
16988.812000000,-0.724816,-4.19948,-0.100033,29.6628,-2.27106,-0.799798
16989.016000000,-0.568603,-4.09246,-0.100033,29.7801,-2.17056,-0.801635
16989.220000000,-0.412628,-3.98564,-0.100033,29.9385,-2.06164,-0.808025
16989.424000000,-0.25688,-3.87901,-0.100033,30.135,-1.95129,-0.819896
16989.594000000,-0.127042,-3.79099,-0.100033,30.2798,-1.8691,-0.823575
16989.798000000,0.0293779,-3.68816,-0.100033,30.4456,-1.78076,-0.835172
16990.036000000,0.214054,-3.5726,-0.100033,30.5894,-1.69011,-0.84151
16990.240000000,0.374523,-3.47721,-0.100033,30.7541,-1.60813,-0.848526
16990.410000000,0.509682,-3.40031,-0.100033,30.9339,-1.53237,-0.860379
16990.614000000,0.673505,-3.31117,-0.100033,31.1097,-1.46067,-0.872802
16990.818000000,0.839039,-3.2255,-0.100033,31.2879,-1.3899,-0.8847
16991.022000000,1.00621,-3.14332,-0.100033,31.4762,-1.32308,-0.897432
16991.192000000,1.14672,-3.07753,-0.100033,31.5973,-1.266,-0.901165
16991.396000000,1.31669,-3.00183,-0.100033,31.7511,-1.20967,-0.906471
16991.600000000,1.48809,-2.92971,-0.100033,31.9433,-1.14837,-0.920284
16991.770000000,1.63196,-2.87235,-0.100033,32.1064,-1.10247,-0.931393
16991.974000000,1.80577,-2.80684,-0.100033,32.2815,-1.05777,-0.936711
16992.144000000,1.95154,-2.75503,-0.100033,32.4514,-1.01253,-0.953669
16992.348000000,2.1275,-2.6962,-0.100033,32.5921,-0.970201,-0.96385
16992.552000000,2.30453,-2.64105,-0.100033,32.7697,-0.929252,-0.970297
16992.756000000,2.48256,-2.58958,-0.100033,32.9712,-0.891997,-0.986065
16992.994000000,2.6914,-2.53422,-0.100033,33.1734,-0.857156,-0.994998
16993.198000000,2.87131,-2.4908,-0.100033,33.3771,-0.828386,-1.00898
16993.368000000,3.02181,-2.45746,-0.100033,33.568,-0.804118,-1.02506
16993.572000000,3.20304,-2.42089,-0.100033,33.6802,-0.785046,-1.0331
16993.776000000,3.38487,-2.38806,-0.100033,33.8445,-0.767087,-1.04072
16993.946000000,3.5368,-2.36357,-0.100033,34.021,-0.75443,-1.04658
16994.150000000,3.71812,-2.33795,-0.100033,34.2079,-0.745421,-1.0562
16994.354000000,3.89745,-2.31677,-0.100033,34.4017,-0.741804,-1.0691
16994.558000000,4.07512,-2.29987,-0.100033,34.5053,-0.742206,-1.15637
16994.762000000,4.25121,-2.28705,-0.100033,34.6988,-0.743435,-1.16938
16994.966000000,4.4258,-2.27819,-0.100033,34.8681,-0.754374,-1.10413
16995.102000000,4.54141,-2.27443,-0.100033,34.9896,-0.762769,-1.19026
16995.306000000,4.71369,-2.27192,-0.100033,35.1293,-0.778889,-1.19287
16995.476000000,4.85626,-2.27265,-0.100033,35.2856,-0.791,-1.20588
16995.680000000,5.0262,-2.27684,-0.100033,35.442,-0.814131,-1.20401
16995.918000000,5.22295,-2.28621,-0.100033,35.5956,-0.837353,-1.21792
16996.122000000,5.39034,-2.29801,-0.100033,35.7385,-0.861791,-1.25133
16996.326000000,5.55659,-2.31324,-0.100033,35.8728,-0.891645,-1.25911
16996.496000000,5.69428,-2.3285,-0.100033,35.9975,-0.924493,-1.27535
16996.666000000,5.8312,-2.34608,-0.100033,36.0905,-0.954521,-1.28712
16996.870000000,5.9941,-2.37023,-0.100033,36.218,-0.996789,-1.2845
16997.074000000,6.15195,-2.39793,-0.100032,36.3293,-1.04524,-1.30978
16997.312000000,6.32747,-2.43537,-0.100033,36.4434,-1.11192,-1.315
16997.482000000,6.45086,-2.46661,-0.100033,36.528,-1.17329,-1.32582
16997.686000000,6.59847,-2.5096,-0.100033,36.6013,-1.23772,-1.32951
16997.856000000,6.72082,-2.54997,-0.100033,36.6775,-1.30969,-1.43075
16998.060000000,6.86643,-2.60383,-0.100033,36.744,-1.39153,-1.43273
16998.264000000,7.01043,-2.66355,-0.100033,36.8158,-1.47206,-1.45003
16998.468000000,7.15252,-2.7291,-0.100033,36.8764,-1.56424,-1.44167
16998.638000000,7.26925,-2.78812,-0.100033,36.9199,-1.63986,-1.45535
16998.842000000,7.40707,-2.86415,-0.100033,36.9731,-1.74444,-1.45174
16999.046000000,7.54215,-2.94577,-0.100033,36.9937,-1.8517,-1.44136
16999.250000000,7.67422,-3.03287,-0.100033,37.0146,-1.95607,-1.43708
16999.386000000,7.76046,-3.09393,-0.100033,37.0152,-2.04023,-1.42473
16999.590000000,7.88717,-3.19005,-0.100033,37.0258,-2.1581,-1.46245
16999.760000000,7.99148,-3.27462,-0.100032,37.0232,-2.25372,-1.44931
16999.998000000,8.13059,-3.39396,-0.100033,37.0251,-2.38781,-1.44942
17000.202000000,8.24636,-3.49798,-0.100033,37.0031,-2.50095,-1.45438
17000.372000000,8.33896,-3.58374,-0.0997026,36.9726,-2.59782,-1.47082
17000.508000000,8.40767,-3.64824,-0.100032,36.9394,-2.67282,-1.48775
17000.712000000,8.50515,-3.74061,-0.100033,36.9066,-2.7555,-1.48943
17000.882000000,8.58671,-3.81816,-0.100033,36.8553,-2.84112,-1.45698
17001.086000000,8.68706,-3.91353,-0.100033,36.7985,-2.93217,-1.45532
17001.290000000,8.78836,-4.0098,-0.100033,36.7303,-3.027,-1.45335
17001.494000000,8.88853,-4.105,-0.100033,36.5915,-3.12667,-1.29698
17001.698000000,8.98735,-4.19891,-0.100033,36.5567,-3.21665,-1.45033
17001.902000000,9.08494,-4.29165,-0.100033,36.3869,-3.3106,-1.43838
17002.072000000,9.1621,-4.36506,-0.0998585,36.3041,-3.38994,-1.47478
17002.310000000,9.26316,-4.46085,-0.100033,36.1188,-3.48095,-1.4687
17002.514000000,9.34806,-4.54135,-0.100033,35.9638,-3.56616,-1.45687
17002.684000000,9.4192,-4.60882,-0.100033,35.7916,-3.63679,-1.43943
17002.888000000,9.50501,-4.6902,-0.100033,35.6113,-3.71763,-1.44161
17003.058000000,9.57472,-4.75582,-0.0993191,35.4451,-3.78115,-1.43767
17003.262000000,9.65382,-4.83091,-0.100033,35.2321,-3.85026,-1.45736
17003.466000000,9.73229,-4.90524,-0.100033,34.9864,-3.92647,-1.4491
17003.670000000,9.81019,-4.97903,-0.100033,34.7225,-4.00344,-1.42908
